Instantele generate random sunt :  
A este : [[-3, 6, -10, 5, -1, -4, -6, 9, 1, 4, 1, -1, -2, 6, 7, 1, 9, -9, 1, 7], [2, -2, 9, 8, -1, -9, 9, -10, 1, -6, -10, 2, -3, -1, 0, -5, 5, 4, -2, -5], [2, -7, -6, -4, 4, -10, -4, 3, 8, -2, -4, 9, 6, 2, 9, -5, -1, -8, 6, 8], [-6, -3, -3, -4, 7, 0, 7, 9, -10, -3, 5, -5, 2, 9, -4, -1, 1, 5, -10, -1], [-5, 3, 7, -7, 9, 3, -5, -3, 5, -6, -1, 8, 6, 5, 7, 9, 9, 8, 0, -7], [6, 5, -2, -1, 6, -1, -1, 8, -10, -5, 0, 0, -4, -1, -8, 6, 5, 1, 6, 0], [6, -10, -6, 4, 4, 9, -7, -3, -5, 0, 7, -5, 0, -2, 3, 1, -5, -8, -9, 7], [6, 5, -9, -2, -4, 4, 5, -6, 5, 1, 8, -1, 3, -3, 9, -10, -6, 4, -3, 7], [8, 0, -9, -10, 0, 0, 3, 7, -3, -4, -2, 2, 7, 5, 0, 5, -1, 4, -10, 1], [-4, -4, -3, 5, -5, -3, 6, -3, 6, 1, 8, -4, 5, -10, 4, -5, -5, -3, -8, 3], [-4, -4, -1, 8, -1, -1, -10, 7, -7, 6, -5, -6, 5, 1, 0, -4, 6, -5, 6, -8], [-6, -1, -8, -9, -2, -5, -3, 9, 1, -7, -2, 2, -10, 7, -6, -4, 1, -6, 9, 7], [-1, -2, -4, -9, 3, -4, 3, -7, -6, -1, -1, -1, 3, 3, 2, 6, -5, -4, -3, -2], [-4, -4, -10, 3, -6, -10, 6, 3, -10, 7, -8, -4, -1, 4, 9, -4, 0, -8, 1, 4], [3, -10, 1, -2, 9, 4, -10, -7, -6, 2, -4, 1, 8, -8, 3, -10, 3, -6, -1, -4], [6, 2, -10, 5, -4, -5, 6, 5, 4, 0, -4, 4, 4, -5, -10, -4, 1, -2, 1, -1], [2, -3, -6, -2, 0, 0, 3, 5, -1, -2, -7, 9, -4, 1, -9, 7, 6, -2, 6, -5], [9, -2, 9, -1, -10, -3, -10, 2, 4, 7, 1, -2, 4, 2, 6, 8, -7, 9, -7, 8], [3, -5, -8, 2, 3, 3, -8, -3, -3, 7, 6, -1, -1, 2, 6, 4, -5, -1, -4, -4], [-5, 8, 1, 8, -9, -2, -1, -10, 2, -9, 9, -1, 3, 7, -2, 1, 7, 6, 6, 2]]
s este : [3, -3, 2, 7, -2, -4, 6, 1, -5, 0, -5, 2, 7, 0, -4, 8, -10, -8, 0, 5]
b este : [-50, 49, 76, -24, -229, 30, 100, -112, 62, 74, -2, -75, 119, 183, -60, 141, 65, 95, -25, -99]
Solutia  sistemului cu Householder : [ 3.00000000e+00 -3.00000000e+00  2.00000000e+00  7.00000000e+00
 -2.00000000e+00 -4.00000000e+00  6.00000000e+00  1.00000000e+00
 -5.00000000e+00  4.25972635e-15 -5.00000000e+00  2.00000000e+00
  7.00000000e+00  7.02052572e-15 -4.00000000e+00  8.00000000e+00
 -1.00000000e+01 -8.00000000e+00 -1.63646676e-15  5.00000000e+00]
Solutia sistemului cu bibloteca : [ 3.00000000e+00 -3.00000000e+00  2.00000000e+00  7.00000000e+00
 -2.00000000e+00 -4.00000000e+00  6.00000000e+00  1.00000000e+00
 -5.00000000e+00 -6.17660321e-15 -5.00000000e+00  2.00000000e+00
  7.00000000e+00 -5.26539429e-15 -4.00000000e+00  8.00000000e+00
 -1.00000000e+01 -8.00000000e+00 -1.63646676e-15  5.00000000e+00]
|| X_QR - X_householder||_2 = 3.488281400495371e-14
||a*X_householder - b ||_2 = 2.1363599072362985e-13
||a*x_QR - b||_2 = 1.519797595236656e-13
||(X_householder - S)||_2 /  ||S||_2 = 7.47223579972827e-16
||X_OR - S||_2 / ||S||_28.892556004696462e-16
||A^-1_householder - A^-1_bibl||_2 = 1.3476662734614043e-15
