[[172 205 182 208 266 208 218 190 228 226   0   0   0   0   0   0]
 [192 243 198 267 334 281 219 223 263 267   0   0   0   0   0   0]
 [204 221 216 241 278 233 249 229 251 256   0   0   0   0   0   0]
 [218 261 294 212 307 259 228 239 249 227   0   0   0   0   0   0]
 [143 170 134 137 185 136 113  79 128 152   0   0   0   0   0   0]
 [255 293 281 301 378 325 225 213 263 286   0   0   0   0   0   0]
 [242 285 276 228 292 235 206 162 217 260   0   0   0   0   0   0]
 [173 185 208 228 283 255 177 160 202 224   0   0   0   0   0   0]
 [220 254 237 260 341 290 194 198 242 249   0   0   0   0   0   0]
 [178 197 278 231 321 293 242 244 252 219   0   0   0   0   0   0]
 [260 265 204 226 256 197 196 139 210 262   0   0   0   0   0   0]
 [265 267 296 288 377 319 298 284 323 306   0   0   0   0   0   0]
 [  0   0   0   0   0   0   0   0   0   0   0   0   0   0   0   0]
 [  0   0   0   0   0   0   0   0   0   0   0   0   0   0   0   0]
 [  0   0   0   0   0   0   0   0   0   0   0   0   0   0   0   0]
 [  0   0   0   0   0   0   0   0   0   0   0   0   0   0   0   0]]